gf1.C1,gf1.C2,gf1.C3,gf1.C4,gf1.C5,gf1.C6,gf1.C7,gf1.C8,gf2.C1,gf2.C2,gf2.C3,gf2.C4,gf2.C5,gf3.C1,gf3.C2,gf3.C3,gf3.C4,gf3.C5,gf3.C6,gf3.C7,gf3.C8,gf4.C1,gf4.C2,gf4.C3,gf4.C4,gf4.C5,gf4.C6,gf4.C7
2.220446049250313e-16,0.19493736341031676,0.2038211686975725,0.6504271241105852,0.4958162374433739,0.44085725994442426,1.3604297126310418,1.6748902492662148,0.09118622092057871,0.2068262473520447,0.7214534035494415,0.47736312626393806,1.4000629908050843,0.022102125532084682,0.1886761783500699,0.24379249162140593,0.3524038193724771,0.7580177172547888,1.2351427370701782,1.1159261203727997,1.820560350506475,0.07454525447916738,0.2395102676930272,0.8097096519101612,0.4578757526943801,1.1266412028874406,1.6520418016314748,1.3337200345032865
0.19493736341031676,0,0.1537625761026572,0.19833461374834227,0.12072737132998079,0.2723853505340811,0.8432385896244703,1.699322106759113,0.07705771728386868,0.2016651576168208,0.3926541607606261,0.10475456543396844,0.8827070383724932,0.1526645112498186,0.570406904009621,0.3582874405504025,0.29670901871407607,0.5022225404188172,0.6705397378844908,0.8163803056703399,1.4781133112629803,0.0742243604016617,0.25251996912874364,0.5085504637207157,0.14743832533509627,0.673680909097915,1.6991879667945087,0.8118368464966057
0.2038211686975725,0.1537625761026572,0,0.3785706848125433,0.2549412136881928,0.652154739896569,0.9569943986216115,1.919149135482093,0.271407608154668,0.010122828873559975,0.2737333579743745,0.3391994281079501,1.02205364470139,0.16268371368400647,0.3267046676004395,0.4236500170062858,0.6872662767422615,0.8780952284349182,0.8984333278276898,1.1559570232324727,1.7098783960501498,0.14319768100822938,0.03356670875985268,0.3777670056885182,0.47657797410950353,0.6439314004363299,1.9144642529547284,0.9438377876307571
0.6504271241105852,0.19833461374834227,0.3785706848125433,0,0.026476786091250037,0.3212326706163864,0.2947655569342622,1.5315322574802668,0.45348762656670294,0.4260729699097736,0.17176380407707492,0.03285790309510073,0.3254969434696756,0.606587539136539,1.094875637323795,0.740580736047203,0.6191330917174654,0.504002262423044,0.18724404559073482,0.6198960343357516,0.946394626103436,0.4438208925779439,0.4854900086600604,0.29072115195448467,0.11681811324520608,0.24434416261195402,1.5410333620048648,0.27091475291107936
0.4958162374433739,0.12072737132998079,0.2549412136881928,0.026476786091250037,0,0.3468733969648674,0.40664570027491787,1.6323953998897622,0.3534033566321111,0.30564254095920806,0.16303823465611245,0.030130118879615364,0.4422799090681637,0.46315732174014224,0.9305337841146266,0.6080758151504846,0.5667129840954194,0.6119299862950757,0.3268217451536497,0.6812341726036519,1.1182756536424698,0.33698981332185896,0.36392723738673927,0.2886419083981291,0.13551590885170406,0.30361495818975803,1.6415357377593187,0.38258037876705786
0.44085725994442426,0.2723853505340811,0.652154739896569,0.3212326706163864,0.3468733969648674,0,0.7675342483821721,1.235817926260226,0.2514803791714231,0.67452595676543,0.6939214181977171,0.20369378226214274,0.7737172131236909,0.46835453870985877,0.9324291041508435,0.6357758197747194,0.250917136515752,0.23578804147639365,0.5417252098733798,0.6511715163276988,1.059348512654947,0.37171783714889695,0.7439845156921627,0.7880844660667745,0.06258119363141523,0.8108959012887597,1.2289151369000622,0.7288175469590947
1.3604297126310418,0.8432385896244703,0.9569943986216115,0.2947655569342622,0.40664570027491787,0.7675342483821721,0,1.0559151187322082,1.175564820814907,0.9859496298774538,0.32663874014139416,0.4581816106953398,0.00563942695817532,1.3445544151061903,1.6586642175681257,1.342182329228204,1.1893248749025427,0.8787744345009899,0.07592110558477305,0.6098075687795066,0.35287329561894576,1.1914767002085092,1.022970582202391,0.38537800538928335,0.5629421499882838,0.1106768620752363,1.0834493469118287,0.002575088598665398
1.6748902492662148,1.699322106759113,1.919149135482093,1.5315322574802668,1.6323953998897622,1.235817926260226,1.0559151187322082,1.1102230246251565e-16,1.5905234865571085,1.9215986489288186,1.7390366091297746,1.5221418070525017,0.9710457447520003,1.687316710619982,1.6307491265174043,1.3116422030717183,1.0670462555207343,0.9992758211323793,1.080183699926125,0.5771986660559587,0.2967438014123045,1.7110947433503678,1.9646286714820582,1.755270870503189,1.3871633121549412,1.4542093716019115,0.010208767418045994,1.0570818092133925
0.09118622092057871,0.07705771728386868,0.271407608154668,0.45348762656670294,0.3534033566321111,0.2514803791714231,1.175564820814907,1.5905234865571085,0,0.3078080677116274,0.6895650374545705,0.2895545217652289,1.2090016301147128,0.07444052646719701,0.41030567451781874,0.31392783179606476,0.1684577040877151,0.4915190494629844,0.9688344059365248,0.9395292832311779,1.6235291531398504,0.0526101878040387,0.3441194131765998,0.7679437628316526,0.2462149766924251,1.006389577981556,1.5859191545976916,1.1434740973407953
0.2068262473520447,0.2016651576168208,0.010122828873559975,0.4260729699097736,0.30564254095920806,0.67452595676543,0.9859496298774538,1.9215986489288186,0.3078080677116274,0,0.27314258851311546,0.38915126267707967,1.0536212188840435,0.17269630240866984,0.28209238584006857,0.46421947077650405,0.744456076105164,0.9085159428627069,0.9390037998014906,1.2198532569195983,1.7309623192331283,0.1698544805472858,0.021459115707761267,0.37740995786063947,0.5183088797938573,0.6628633228529622,1.9154441582659079,0.9757937313836078
0.7214534035494415,0.3926541607606261,0.2737333579743745,0.17176380407707492,0.16303823465611245,0.6939214181977171,0.32663874014139416,1.7390366091297746,0.6895650374545705,0.27314258851311546,0,0.2769452529671791,0.38901271142655924,0.6936606301215384,0.9032956950172136,0.9738634297391997,1.0717471797541083,0.9449818897135466,0.3745113203970285,1.0504797822131917,1.1139028268293247,0.5988025722320789,0.289740322439893,0.07819368729252862,0.4501832278982525,0.12568151364367686,1.7619183279735438,0.3302146873666143
0.47736312626393806,0.10475456543396844,0.3391994281079501,0.03285790309510073,0.030130118879615364,0.20369378226214274,0.4581816106953398,1.5221418070525017,0.2895545217652289,0.38915126267707967,0.2769452529671791,0,0.4801165042292077,0.4440979606269482,0.9649785257308713,0.5668760589317599,0.4225413445209494,0.4239316445886081,0.30767212370741104,0.5820613044731937,1.071337196040447,0.30296472951056597,0.45905499885173473,0.40390054923631236,0.04587840772598617,0.4073861886227761,1.527976670374454,0.4239653877409806
1.4000629908050843,0.8827070383724932,1.02205364470139,0.3254969434696756,0.4422799090681637,0.7737172131236909,0.00563942695817532,0.9710457447520003,1.2090016301147128,1.0536212188840435,0.38901271142655924,0.4801165042292077,0,1.384163550447591,1.7105875801516426,1.328427996482082,1.170270564396357,0.8641231076196594,0.07684753925986665,0.5382350283182866,0.29731122872119964,1.2301141679712786,1.0970568968066907,0.4500043730446589,0.5772555810728658,0.15103307397109145,0.9981321292386875,0.0046389364882702955
0.022102125532084682,0.1526645112498186,0.16268371368400647,0.606587539136539,0.46315732174014224,0.46835453870985877,1.3445544151061903,1.687316710619982,0.07444052646719701,0.17269630240866984,0.6936606301215384,0.4440979606269482,1.384163550447591,2.220446049250313e-16,0.1873048074881054,0.20573326742937903,0.31745401145609453,0.6913218568532338,1.1871401088191547,1.0616201429402996,1.818549599154772,0.03337696643091104,0.21200540935556755,0.8030773721010578,0.44568795969752384,1.1123175226504112,1.667531872233618,1.3164440771473997
0.1886761783500699,0.570406904009621,0.3267046676004395,1.094875637323795,0.9305337841146266,0.9324291041508435,1.6586642175681257,1.6307491265174043,0.41030567451781874,0.28209238584006857,0.9032956950172136,0.9649785257308713,1.7105875801516426,0.1873048074881054,0,0.467037949054927,0.7408662639435926,1.0932298414823893,1.6107261896915015,1.5112542356575163,1.9684415549891765,0.31766273897430486,0.26976367371649934,0.9451348672748876,0.9767338025499449,1.3443007370696967,1.6165024958339325,1.6567787216561616
0.24379249162140593,0.3582874405504025,0.4236500170062858,0.740580736047203,0.6080758151504846,0.6357758197747194,1.342182329228204,1.3116422030717183,0.31392783179606476,0.46421947077650405,0.9738634297391997,0.5668760589317599,1.328427996482082,0.20573326742937903,0.467037949054927,1.1102230246251565e-16,0.30196869370340096,0.6947000656625348,1.180051404125981,0.5900453158898931,1.5443870000196522,0.2232783884064844,0.5547624634279165,1.1548394572206084,0.5854041483338612,1.30176951569057,1.2585158878691594,1.2971290344789912
0.3524038193724771,0.29670901871407607,0.6872662767422615,0.6191330917174654,0.5667129840954194,0.250917136515752,1.1893248749025427,1.0670462555207343,0.1684577040877151,0.744456076105164,1.0717471797541083,0.4225413445209494,1.170270564396357,0.31745401145609453,0.7408662639435926,0.30196869370340096,0,0.3582562679028889,0.9479616772740529,0.5368093238597482,1.258329539644497,0.2920564727227891,0.8256138125737358,1.1959744996584971,0.30309031019247445,1.2602186677423735,1.0580865346250423,1.1469424859173596
0.7580177172547888,0.5022225404188172,0.8780952284349182,0.504002262423044,0.6119299862950757,0.23578804147639365,0.8787744345009899,0.9992758211323793,0.4915190494629844,0.9085159428627069,0.9449818897135466,0.4239316445886081,0.8641231076196594,0.6913218568532338,1.0932298414823893,0.6947000656625348,0.3582562679028889,0,0.5230200038050408,0.5369494657371278,0.914677781051259,0.5194193952640568,0.9802842893300217,1.0356035973102355,0.283280796703842,0.9956979234303593,0.983154687475111,0.8348805058628053
1.2351427370701782,0.6705397378844908,0.8984333278276898,0.18724404559073482,0.3268217451536497,0.5417252098733798,0.07592110558477305,1.080183699926125,0.9688344059365248,0.9390037998014906,0.3745113203970285,0.30767212370741104,0.07684753925986665,1.1871401088191547,1.6107261896915015,1.180051404125981,0.9479616772740529,0.5230200038050408,0,0.490718702235693,0.4121986554696312,0.9799921338683623,0.9880699699268172,0.4459887109116405,0.3624985480888283,0.19718713516812614,1.0983653564984182,0.06054553199739887
1.1159261203727997,0.8163803056703399,1.1559570232324727,0.6198960343357516,0.6812341726036519,0.6511715163276988,0.6098075687795066,0.5771986660559587,0.9395292832311779,1.2198532569195983,1.0504797822131917,0.5820613044731937,0.5382350283182866,1.0616201429402996,1.5112542356575163,0.5900453158898931,0.5368093238597482,0.5369494657371278,0.490718702235693,0,0.46580048218592396,0.9563006562156,1.3497388330953943,1.24645689387882,0.5661159261401112,0.9494300652366331,0.5485304553840957,0.5683003477017438
1.820560350506475,1.4781133112629803,1.7098783960501498,0.946394626103436,1.1182756536424698,1.059348512654947,0.35287329561894576,0.2967438014123045,1.6235291531398504,1.7309623192331283,1.1139028268293247,1.071337196040447,0.29731122872119964,1.818549599154772,1.9684415549891765,1.5443870000196522,1.258329539644497,0.914677781051259,0.4121986554696312,0.46580048218592396,2.220446049250313e-16,1.7183115735725567,1.7658529239113545,1.1233136486638353,1.0372831405395586,0.7097863846392383,0.31586820940532456,0.3569147644090449
0.07454525447916738,0.0742243604016617,0.14319768100822938,0.4438208925779439,0.33698981332185896,0.37171783714889695,1.1914767002085092,1.7110947433503678,0.0526101878040387,0.1698544805472858,0.5988025722320789,0.30296472951056597,1.2301141679712786,0.03337696643091104,0.31766273897430486,0.2232783884064844,0.2920564727227891,0.5194193952640568,0.9799921338683623,0.9563006562156,1.7183115735725567,0,0.21270210564616,0.7064131224790926,0.3142073611673891,0.9749994366013502,1.6911406157763,1.1571458666184957
0.2395102676930272,0.25251996912874364,0.03356670875985268,0.4854900086600604,0.36392723738673927,0.7439845156921627,1.022970582202391,1.9646286714820582,0.3441194131765998,0.021459115707761267,0.289740322439893,0.45905499885173473,1.0970568968066907,0.21200540935556755,0.26976367371649934,0.5547624634279165,0.8256138125737358,0.9802842893300217,0.9880699699268172,1.3497388330953943,1.7658529239113545,0.21270210564616,0,0.32245140485713786,0.5953885860025068,0.6433923537083874,1.9618576325901418,1.0161163800056563
0.8097096519101612,0.5085504637207157,0.3777670056885182,0.29072115195448467,0.2886419083981291,0.7880844660667745,0.38537800538928335,1.755270870503189,0.7679437628316526,0.37740995786063947,0.07819368729252862,0.40390054923631236,0.4500043730446589,0.8030773721010578,0.9451348672748876,1.1548394572206084,1.1959744996584971,1.0356035973102355,0.4459887109116405,1.24645689387882,1.1233136486638353,0.7064131224790926,0.32245140485713786,0,0.573409826698908,0.09844068997736966,1.782661702387077,0.39035227169678177
0.4578757526943801,0.14743832533509627,0.47657797410950353,0.11681811324520608,0.13551590885170406,0.06258119363141523,0.5629421499882838,1.3871633121549412,0.2462149766924251,0.5183088797938573,0.4501832278982525,0.04587840772598617,0.5772555810728658,0.44568795969752384,0.9767338025499449,0.5854041483338612,0.30309031019247445,0.283280796703842,0.3624985480888283,0.5661159261401112,1.0372831405395586,0.3142073611673891,0.5953885860025068,0.573409826698908,1.1102230246251565e-16,0.5699726679036148,1.3862617571971996,0.5245078859158312
1.1266412028874406,0.673680909097915,0.6439314004363299,0.24434416261195402,0.30361495818975803,0.8108959012887597,0.1106768620752363,1.4542093716019115,1.006389577981556,0.6628633228529622,0.12568151364367686,0.4073861886227761,0.15103307397109145,1.1123175226504112,1.3443007370696967,1.30176951569057,1.2602186677423735,0.9956979234303593,0.19718713516812614,0.9494300652366331,0.7097863846392383,0.9749994366013502,0.6433923537083874,0.09844068997736966,0.5699726679036148,2.220446049250313e-16,1.4844830516863086,0.11622450390571992
1.6520418016314748,1.6991879667945087,1.9144642529547284,1.5410333620048648,1.6415357377593187,1.2289151369000622,1.0834493469118287,0.010208767418045994,1.5859191545976916,1.9154441582659079,1.7619183279735438,1.527976670374454,0.9981321292386875,1.667531872233618,1.6165024958339325,1.2585158878691594,1.0580865346250423,0.983154687475111,1.0983653564984182,0.5485304553840957,0.31586820940532456,1.6911406157763,1.9618576325901418,1.782661702387077,1.3862617571971996,1.4844830516863086,1.1102230246251565e-16,1.0822948660140344
1.3337200345032865,0.8118368464966057,0.9438377876307571,0.27091475291107936,0.38258037876705786,0.7288175469590947,0.002575088598665398,1.0570818092133925,1.1434740973407953,0.9757937313836078,0.3302146873666143,0.4239653877409806,0.0046389364882702955,1.3164440771473997,1.6567787216561616,1.2971290344789912,1.1469424859173596,0.8348805058628053,0.06054553199739887,0.5683003477017438,0.3569147644090449,1.1571458666184957,1.0161163800056563,0.39035227169678177,0.5245078859158312,0.11622450390571992,1.0822948660140344,1.1102230246251565e-16
