rm1.C1,rm1.C2,rm1.C3,rm1.C4,rm1.C5,rm2.C1,rm2.C2,rm2.C3,rm2.C4,rm2.C5,rm2.C6,rm2.C7,rm2.C8,rm2.C9,rm2.C10,rm2.C11,rm2.C12,rm3.C1,rm3.C2,rm3.C3,rm3.C4,rm3.C5,rm3.C6,rm3.C7,rm3.C8,rm4.C1,rm4.C2,rm4.C3,rm4.C4,rm4.C5,rm4.C6,rm4.C7,rm4.C8
0,0.8063905046954427,0.3322742459639826,0.5712052787206572,1.712015587064465,0.12919339988122946,0.17376489524664218,0.9271362292488141,1.0495596029403944,1.2102308920228668,0.5661819702376244,0.9856640259458084,0.6643563464402222,0.8957965190647366,1.566837386762776,0.5606112368010325,1.459292489370719,0.3663074901356781,0.429507359873219,0.2300488204702137,1.1392261332714468,0.4167973581504557,1.2129282217454254,0.9577427314245323,1.6642834301688882,0.18812890778681357,0.15397385533858987,0.47672323545153117,1.2437221551050266,0.8219046743758333,1.2016909493508094,1.5323965362736747,1.7774888116505916
0.8063905046954427,1.1102230246251565e-16,0.6535307674564983,0.5531683477997247,0.8129456636728682,1.1757046892457974,0.8232631980898335,0.5017214610928892,0.39293427209486853,0.5087098218665902,0.5144081842505066,0.8874169337489649,0.4523234384416399,0.4979627966443574,0.6414745391142811,0.634933313051216,0.7918943833402997,1.2730479703839812,0.9193606503795791,0.6841187846643285,0.5048030308246414,0.5313600285277942,0.6599539429279717,0.6395436598917607,0.6639237210424941,1.1748824511320604,0.6744031913185862,0.9353191428140606,1.0880545955839016,0.5800764972607181,0.5091553665337712,0.6939561669500078,0.870430533977165
0.3322742459639826,0.6535307674564983,0,0.5326238890318711,1.0964785984868817,0.6549113619150354,0.30670288624396747,0.6062556479734043,0.7513149521792515,0.6575994177876812,0.5415715178066426,0.7230114968193155,0.4415733595927378,0.739383567838809,1.1224195875469773,0.5105135590452441,1.0801695009654886,0.9473354536078878,0.3829199054496947,0.4612755145590699,0.7319060657847635,0.5050562403120136,0.7356168474657541,0.9679737019292082,1.1196030563452604,0.7416154320116157,0.37788175264875823,0.8860427935724853,1.3886087239525784,0.7099159654699033,0.8639929489471334,1.0840523506391198,1.291044814154507
0.5712052787206572,0.5531683477997247,0.5326238890318711,0,0.9248846730162421,0.8649717106115361,0.5562260550435877,0.27134243132906744,0.5944282266598265,0.7403831201598763,0.16943020993501556,0.595190916535864,0.30259542648725335,0.5607641417212743,0.7129198557381659,0.652056201295274,0.7073481037178717,1.2233566947031211,0.3571188981430198,0.6441299184675007,0.33968862256949606,0.4276864322229157,0.847938090554802,0.5194868524665626,1.1317604088602993,1.0358996318953402,0.3430457549966204,0.9073385365870134,1.0831553373847669,0.2710410184226246,0.4507022540746104,0.6373823105810384,0.8945025825990307
1.712015587064465,0.8129456636728682,1.0964785984868817,0.9248846730162421,1.1102230246251565e-16,1.9106289720425247,1.4049393830963883,0.4757018441365367,0.6929401928948706,0.39136576735153616,0.969662685131207,0.6107749362671766,0.7548811398614823,0.7090766324723166,0.20789213832631048,1.0117025257270809,0.35373909582023355,1.9590973339355668,1.0577349403773637,1.5742961129712956,0.317859507892548,1.2305234534484875,0.5168812460987268,0.990355325912325,0.33090950861019974,1.959034224468164,1.3965690773919848,1.703906729285716,1.0561229494564741,0.711404174675234,0.3511796355001714,0.1645404561146161,0.04967594986001311
0.12919339988122946,1.1757046892457974,0.6549113619150354,0.8649717106115361,1.9106289720425247,0,0.3443585477495743,1.2911681715002887,1.287779024070681,1.5095890151002922,0.8503721099088395,1.2675062811895355,0.9985269021507737,1.2006450933414516,1.8174120112880014,0.8083312230344389,1.6693808251167102,0.12436517669851466,0.6504498159522691,0.2850830097099948,1.4833845534583194,0.5841858200902281,1.4652028479607255,0.9947602577033118,1.7574170079369273,0.06062148268626999,0.30105331023484083,0.3212016746096087,0.9723658282761971,1.0140170125141985,1.4603613160921611,1.7531189599579058,1.9290373371351506
0.17376489524664218,0.8232631980898335,0.30670288624396747,0.5562260550435877,1.4049393830963883,0.3443585477495743,0,0.7496844026337597,0.8332900693788812,0.7943210100061179,0.36691120378544095,0.6575783714157162,0.4235165865392878,0.5527272092149355,1.346807504377264,0.27322715636699035,1.2067731423866939,0.6973301321165009,0.2399237708792561,0.29396760360720575,0.8716400403411603,0.31864793908405187,0.9504593333384953,0.89305579360761,1.447936269628994,0.4627620616285276,0.21276999173466637,0.5938278269111836,1.134472636579502,0.6801405621785571,1.0347752883880632,1.2996724246406957,1.491563590566946
0.9271362292488141,0.5017214610928892,0.6062556479734043,0.27134243132906744,0.4757018441365367,1.2911681715002887,0.7496844026337597,0,0.4986474965113822,0.47070343379494395,0.28520249507261053,0.37522361279652905,0.2704743132126707,0.46260678071324024,0.39128725724761204,0.5578678445568653,0.4325505573983939,1.5844572641600951,0.5804872289285192,0.8295066380549325,0.14439596425660128,0.586958404055095,0.5220705235837413,0.5739585255169631,0.778106238930284,1.4457193550100842,0.5897543419650964,1.3627988170822347,1.2961364303000562,0.17742781564918297,0.20502447610032637,0.3028575946583747,0.49391715938055214
1.0495596029403944,0.39293427209486853,0.7513149521792515,0.5944282266598265,0.6929401928948706,1.287779024070681,0.8332900693788812,0.4986474965113822,0,0.34340655550220256,0.39395584187083277,0.7764772129981576,0.43878645233797675,0.4206550869459508,0.3862277007551068,0.7019373409875688,0.5093534729144947,1.4042230397157658,0.8259420670697559,0.7721679613323646,0.4105693534473156,0.46969429364648474,0.22884769547267525,0.48983064558868294,0.5056170820199968,1.4060403493166498,0.8025505940288167,0.9178131757527113,0.7979929895077881,0.4017295779985348,0.332012274759509,0.4067470223351408,0.6792595514064562
1.2102308920228668,0.5087098218665902,0.6575994177876812,0.7403831201598763,0.39136576735153616,1.5095890151002922,0.7943210100061179,0.47070343379494395,0.34340655550220256,0,0.470372618831304,0.35654953905020637,0.42080438007333,0.36302487781300175,0.45034805716546633,0.4690026310639346,0.4124773024371653,1.6323992662494722,0.8409791626709298,0.945223065744541,0.4034041035767678,0.789556532663448,0.2918000208819046,0.5878539984943797,0.29452780887563657,1.5662787678448682,1.052051406317572,1.1359505104082634,0.9482772726764965,0.6337785116590282,0.5126023464758056,0.3798249039652166,0.45661616755060064
0.5661819702376244,0.5144081842505066,0.5415715178066426,0.16943020993501556,0.969662685131207,0.8503721099088395,0.36691120378544095,0.28520249507261053,0.39395584187083277,0.470372618831304,0,0.4133823463937689,0.20931112671791718,0.39705885971412,0.7106470291041511,0.4127607669681753,0.6045867976996392,1.178503667162622,0.3838918341576213,0.47425739794224,0.3836872259003894,0.2945268725893583,0.6012115969261607,0.3597988048910138,0.9922609484789694,1.0133559702227304,0.3165108353023175,0.8292438972137026,1.060152475944986,0.16504034479653418,0.46362639217939017,0.6087194358402983,0.9277056057297065
0.9856640259458084,0.8874169337489649,0.7230114968193155,0.595190916535864,0.6107749362671766,1.2675062811895355,0.6575783714157162,0.37522361279652905,0.7764772129981576,0.35654953905020637,0.4133823463937689,0,0.48869701803821,0.36165828835211744,0.5894074426936031,0.4456448881521561,0.5017175925082593,1.4464597465102085,0.6697694611915738,0.9604326980917457,0.513274297490643,0.9631805643210599,0.5330444853000877,0.721616649895146,0.7767631476014678,1.2561335734893255,0.8361027149978374,1.2902057844382764,1.3154645619263339,0.596524155572425,0.7459687260973151,0.6491383509330446,0.5768802610401309
0.6643563464402222,0.4523234384416399,0.4415733595927378,0.30259542648725335,0.7548811398614823,0.9985269021507737,0.4235165865392878,0.2704743132126707,0.43878645233797675,0.42080438007333,0.20931112671791718,0.48869701803821,1.1102230246251565e-16,0.474637542927821,0.6480531658629834,0.3052359417635214,0.5726983104743508,1.3559076598793491,0.37019346234470585,0.5047087824472358,0.23024756758618814,0.5231344416343833,0.5282794183636395,0.5500195060940666,0.8446810702336458,1.1861484221784404,0.4215747166587296,0.9694344488895758,1.1522358453562147,0.2651601649711457,0.2701990057668988,0.5564223753927563,0.8329010013174833
0.8957965190647366,0.4979627966443574,0.739383567838809,0.5607641417212743,0.7090766324723166,1.2006450933414516,0.5527272092149355,0.46260678071324024,0.4206550869459508,0.36302487781300175,0.39705885971412,0.36165828835211744,0.474637542927821,0,0.5485684983770035,0.36019559702352477,0.6713015832885074,1.4385167592321417,0.6378604733563895,0.870504725857772,0.46264023820906486,0.5352113808681589,0.6017004139447021,0.7589802481858604,0.7727019355736944,1.2211360304400574,0.7687370381376286,1.007513209197359,0.9668675891085957,0.5727504942292205,0.6450690332760214,0.6591233696825751,0.6570886924099841
1.566837386762776,0.6414745391142811,1.1224195875469773,0.7129198557381659,0.20789213832631048,1.8174120112880014,1.346807504377264,0.39128725724761204,0.3862277007551068,0.45034805716546633,0.7106470291041511,0.5894074426936031,0.6480531658629834,0.5485684983770035,0,1.03481310422354,0.1614848252977643,1.8496620521682647,1.026597739866755,1.4355772531113984,0.26675812726376413,1.0502420823900043,0.3353083481379082,0.7990575427530175,0.4179329872875651,1.835939880215566,1.2744508138364066,1.5916896485390186,1.1207454530143726,0.5722545269113288,0.2738542357853,0.16479080645294863,0.16344054665934982
0.5606112368010325,0.634933313051216,0.5105135590452441,0.652056201295274,1.0117025257270809,0.8083312230344389,0.27322715636699035,0.5578678445568653,0.7019373409875688,0.4690026310639346,0.4127607669681753,0.4456448881521561,0.3052359417635214,0.36019559702352477,1.03481310422354,0,0.8116900547939603,1.0912331551898402,0.5027578364856133,0.47117015068857515,0.5893575603883274,0.536296422648066,0.807250637998012,0.7185895210411665,0.9364624137565957,0.8929254808853064,0.4807694067727234,0.7793847749615249,1.08009139856571,0.5769626745546342,0.7664251064723875,0.9163027934743949,1.0473230950367096
1.459292489370719,0.7918943833402997,1.0801695009654886,0.7073481037178717,0.35373909582023355,1.6693808251167102,1.2067731423866939,0.4325505573983939,0.5093534729144947,0.4124773024371653,0.6045867976996392,0.5017175925082593,0.5726983104743508,0.6713015832885074,0.1614848252977643,0.8116900547939603,0,1.7221177584256693,0.9473300743822705,1.2982366615097853,0.30338956674663065,1.0497286094707807,0.4558220526629656,0.6617863880331019,0.4427625949944023,1.7097586432482774,1.1579012686217027,1.4695551882346591,1.1532308388252122,0.5052297660158489,0.37060391950246685,0.21599418851651986,0.29777999632792984
0.3663074901356781,1.2730479703839812,0.9473354536078878,1.2233566947031211,1.9590973339355668,0.12436517669851466,0.6973301321165009,1.5844572641600951,1.4042230397157658,1.6323992662494722,1.178503667162622,1.4464597465102085,1.3559076598793491,1.4385167592321417,1.8496620521682647,1.0912331551898402,1.7221177584256693,0,1.11001228143038,0.44975557646311115,1.8008715234023582,0.9127659830460657,1.4768284979577273,1.0454276890166614,1.616683074508205,0.07443882390798662,0.609947272683304,0.324791099359237,0.9053855925449354,1.3045979930346943,1.6782621413211112,1.8700308082012538,1.9456442171311352
0.429507359873219,0.9193606503795791,0.3829199054496947,0.3571188981430198,1.0577349403773637,0.6504498159522691,0.2399237708792561,0.5804872289285192,0.8259420670697559,0.8409791626709298,0.3838918341576213,0.6697694611915738,0.37019346234470585,0.6378604733563895,1.026597739866755,0.5027578364856133,0.9473300743822705,1.11001228143038,0,0.7237715844486539,0.49957027268639786,0.38620675593781484,0.9333875434134613,1.0809652748371115,1.4579374494606472,0.808651825102445,0.3619235814378853,1.0094153756054234,1.2868525358908618,0.5446234980110736,0.7384678523057928,0.953433191007653,1.1318946852674965
0.2300488204702137,0.6841187846643285,0.4612755145590699,0.6441299184675007,1.5742961129712956,0.2850830097099948,0.29396760360720575,0.8295066380549325,0.7721679613323646,0.945223065744541,0.47425739794224,0.9604326980917457,0.5047087824472358,0.870504725857772,1.4355772531113984,0.47117015068857515,1.2982366615097853,0.44975557646311115,0.7237715844486539,2.220446049250313e-16,1.0683792597259352,0.4317948819466787,0.9739313795199771,0.46450160968913523,1.199907162657555,0.4265786399467858,0.21639405508601262,0.3241528999370846,0.9063083438505818,0.6138398317106315,0.955083809657746,1.293649140035615,1.618423424741328
1.1392261332714468,0.5048030308246414,0.7319060657847635,0.33968862256949606,0.317859507892548,1.4833845534583194,0.8716400403411603,0.14439596425660128,0.4105693534473156,0.4034041035767678,0.3836872259003894,0.513274297490643,0.23024756758618814,0.46264023820906486,0.26675812726376413,0.5893575603883274,0.30338956674663065,1.8008715234023582,0.49957027268639786,1.0683792597259352,0,0.6514805156579881,0.5167789010826205,0.7084292047385725,0.6522711597076577,1.6472634273164,0.7970254838884718,1.4119544679136604,1.16939576301524,0.24922689846182455,0.09202689592811153,0.161395939639295,0.3381637148132399
0.4167973581504557,0.5313600285277942,0.5050562403120136,0.4276864322229157,1.2305234534484875,0.5841858200902281,0.31864793908405187,0.586958404055095,0.46969429364648474,0.789556532663448,0.2945268725893583,0.9631805643210599,0.5231344416343833,0.5352113808681589,1.0502420823900043,0.536296422648066,1.0497286094707807,0.9127659830460657,0.38620675593781484,0.4317948819466787,0.6514805156579881,0,0.8994075116123109,0.6713746883889709,1.2317911389320142,0.7666187854672359,0.296548252315048,0.6900115646146688,0.9468158399527727,0.41684506307484503,0.711587957937306,0.8885349964866973,1.2341389934532634
1.2129282217454254,0.6599539429279717,0.7356168474657541,0.847938090554802,0.5168812460987268,1.4652028479607255,0.9504593333384953,0.5220705235837413,0.22884769547267525,0.2918000208819046,0.6012115969261607,0.5330444853000877,0.5282794183636395,0.6017004139447021,0.3353083481379082,0.807250637998012,0.4558220526629656,1.4768284979577273,0.9333875434134613,0.9739313795199771,0.5167789010826205,0.8994075116123109,2.220446049250313e-16,0.7341008668620435,0.4715741745853931,1.4956501354907168,1.0395796063847076,1.2762798979964711,1.1287339693395746,0.6812536431355607,0.4856013293169801,0.4893098968567282,0.574835224392716
0.9577427314245323,0.6395436598917607,0.9679737019292082,0.5194868524665626,0.990355325912325,0.9947602577033118,0.89305579360761,0.5739585255169631,0.48983064558868294,0.5878539984943797,0.3597988048910138,0.721616649895146,0.5500195060940666,0.7589802481858604,0.7990575427530175,0.7185895210411665,0.6617863880331019,1.0454276890166614,1.0809652748371115,0.46450160968913523,0.7084292047385725,0.6713746883889709,0.7341008668620435,0,0.5634504767045961,1.1501034205832181,0.7123409970412551,0.5999679543215073,0.6001691891491459,0.37086534855223163,0.5607982451788467,0.5651263969860867,0.8674840524869493
1.6642834301688882,0.6639237210424941,1.1196030563452604,1.1317604088602993,0.33090950861019974,1.7574170079369273,1.447936269628994,0.778106238930284,0.5056170820199968,0.29452780887563657,0.9922609484789694,0.7767631476014678,0.8446810702336458,0.7727019355736944,0.4179329872875651,0.9364624137565957,0.4427625949944023,1.616683074508205,1.4579374494606472,1.199907162657555,0.6522711597076577,1.2317911389320142,0.4715741745853931,0.5634504767045961,0,1.7590640073282344,1.5076091862219227,1.1822660840780452,0.7332654404257797,0.8876492802186372,0.5713321064842929,0.3327263690030621,0.3292831121278188
0.18812890778681357,1.1748824511320604,0.7416154320116157,1.0358996318953402,1.959034224468164,0.06062148268626999,0.4627620616285276,1.4457193550100842,1.4060403493166498,1.5662787678448682,1.0133559702227304,1.2561335734893255,1.1861484221784404,1.2211360304400574,1.835939880215566,0.8929254808853064,1.7097586432482774,0.07443882390798662,0.808651825102445,0.4265786399467858,1.6472634273164,0.7666187854672359,1.4956501354907168,1.1501034205832181,1.7590640073282344,0,0.5382168469873274,0.38561514246363315,1.1024153218364372,1.3063702593343485,1.6801531790076039,1.8858985454683108,1.9604627122879779
0.15397385533858987,0.6744031913185862,0.37788175264875823,0.3430457549966204,1.3965690773919848,0.30105331023484083,0.21276999173466637,0.5897543419650964,0.8025505940288167,1.052051406317572,0.3165108353023175,0.8361027149978374,0.4215747166587296,0.7687370381376286,1.2744508138364066,0.4807694067727234,1.1579012686217027,0.609947272683304,0.3619235814378853,0.21639405508601262,0.7970254838884718,0.296548252315048,1.0395796063847076,0.7123409970412551,1.5076091862219227,0.5382168469873274,0,0.6523117497543449,1.2393955961140652,0.3375387362356259,0.7105981294270511,1.042900274951376,1.420585516540436
0.47672323545153117,0.9353191428140606,0.8860427935724853,0.9073385365870134,1.703906729285716,0.3212016746096087,0.5938278269111836,1.3627988170822347,0.9178131757527113,1.1359505104082634,0.8292438972137026,1.2902057844382764,0.9694344488895758,1.007513209197359,1.5916896485390186,0.7793847749615249,1.4695551882346591,0.324791099359237,1.0094153756054234,0.3241528999370846,1.4119544679136604,0.6900115646146688,1.2762798979964711,0.5999679543215073,1.1822660840780452,0.38561514246363315,0.6523117497543449,0,0.38153372100237637,1.0527744704926496,1.302357946105992,1.4577095652855503,1.6699699831607633
1.2437221551050266,1.0880545955839016,1.3886087239525784,1.0831553373847669,1.0561229494564741,0.9723658282761971,1.134472636579502,1.2961364303000562,0.7979929895077881,0.9482772726764965,1.060152475944986,1.3154645619263339,1.1522358453562147,0.9668675891085957,1.1207454530143726,1.08009139856571,1.1532308388252122,0.9053855925449354,1.2868525358908618,0.9063083438505818,1.16939576301524,0.9468158399527727,1.1287339693395746,0.6001691891491459,0.7332654404257797,1.1024153218364372,1.2393955961140652,0.38153372100237637,0,1.0714900790860813,1.002268262790069,0.9035973247629714,0.9664848152231453
0.8219046743758333,0.5800764972607181,0.7099159654699033,0.2710410184226246,0.711404174675234,1.0140170125141985,0.6801405621785571,0.17742781564918297,0.4017295779985348,0.6337785116590282,0.16504034479653418,0.596524155572425,0.2651601649711457,0.5727504942292205,0.5722545269113288,0.5769626745546342,0.5052297660158489,1.3045979930346943,0.5446234980110736,0.6138398317106315,0.24922689846182455,0.41684506307484503,0.6812536431355607,0.37086534855223163,0.8876492802186372,1.3063702593343485,0.3375387362356259,1.0527744704926496,1.0714900790860813,0,0.16856940993193148,0.30281108646664356,0.6591166415608606
1.2016909493508094,0.5091553665337712,0.8639929489471334,0.4507022540746104,0.3511796355001714,1.4603613160921611,1.0347752883880632,0.20502447610032637,0.332012274759509,0.5126023464758056,0.46362639217939017,0.7459687260973151,0.2701990057668988,0.6450690332760214,0.2738542357853,0.7664251064723875,0.37060391950246685,1.6782621413211112,0.7384678523057928,0.955083809657746,0.09202689592811153,0.711587957937306,0.4856013293169801,0.5607982451788467,0.5713321064842929,1.6801531790076039,0.7105981294270511,1.302357946105992,1.002268262790069,0.16856940993193148,2.220446049250313e-16,0.11895489467738807,0.36142135949005383
1.5323965362736747,0.6939561669500078,1.0840523506391198,0.6373823105810384,0.1645404561146161,1.7531189599579058,1.2996724246406957,0.3028575946583747,0.4067470223351408,0.3798249039652166,0.6087194358402983,0.6491383509330446,0.5564223753927563,0.6591233696825751,0.16479080645294863,0.9163027934743949,0.21599418851651986,1.8700308082012538,0.953433191007653,1.293649140035615,0.161395939639295,0.8885349964866973,0.4893098968567282,0.5651263969860867,0.3327263690030621,1.8858985454683108,1.042900274951376,1.4577095652855503,0.9035973247629714,0.30281108646664356,0.11895489467738807,0,0.12770899368958644
1.7774888116505916,0.870430533977165,1.291044814154507,0.8945025825990307,0.04967594986001311,1.9290373371351506,1.491563590566946,0.49391715938055214,0.6792595514064562,0.45661616755060064,0.9277056057297065,0.5768802610401309,0.8329010013174833,0.6570886924099841,0.16344054665934982,1.0473230950367096,0.29777999632792984,1.9456442171311352,1.1318946852674965,1.618423424741328,0.3381637148132399,1.2341389934532634,0.574835224392716,0.8674840524869493,0.3292831121278188,1.9604627122879779,1.420585516540436,1.6699699831607633,0.9664848152231453,0.6591166415608606,0.36142135949005383,0.12770899368958644,0
