C1,C2,C3,C4,C5,C6,C7,C8,C9,C10,C11,C12,time
-5.2430943186786125,-4.089391963722114,-4.666014792890959,-4.301847637803328,-4.1294502290377295,-4.19848459461167,-4.643515965168559,-6.450323097659666,-4.163229441847506,-3.9829099585724026,-3.84659106815167,-4.412952229623496,10
-5.2006005348036055,-4.096794014728756,-4.665495086667319,-4.343287927508151,-4.141319110841998,-4.220471312476624,-4.721093219559072,-6.321335575432991,-4.163605318610218,-3.9943903695104757,-3.8476127500072237,-4.391436144927326,11
-5.142171581975471,-4.106971834862889,-4.664780490609815,-4.400268325852282,-4.157638823322867,-4.2507030495409355,-4.827761944346029,-6.143977732371314,-4.164122149158945,-4.010175934550326,-3.849017562558603,-4.361851528470091,12
-5.071791252432489,-4.119231481842638,-4.663919727176912,-4.468903805675893,-4.177296658811187,-4.287118551004764,-4.956249271930315,-5.930342148683384,-4.164744695047185,-4.029190365166509,-3.850709723131852,-4.326215513192058,13
-4.993443338412945,-4.132879013386134,-4.662961518827078,-4.54530933981916,-4.199179909637806,-4.327656562068272,-5.099282334712824,-5.692521404577954,-4.165437717828433,-4.050357372833581,-3.8525934490530145,-4.286545232033494,14
-4.911111632155119,-4.147220487211502,-4.661954588018777,-4.6255999011222535,-4.222175868133577,-4.37025582793162,-5.249588265094444,-5.442608080263772,-4.166165979056185,-4.072600669026098,-3.8545729576481325,-4.244857817934664,15
-4.828779925897292,-4.16156196103687,-4.660947657210476,-4.705890462425347,-4.245171826629346,-4.412855093794968,-5.3998941954760635,-5.192694755949591,-4.166894240283938,-4.094843965218614,-3.856552466243249,-4.203170403835833,16
-4.750432011877748,-4.1752094925803664,-4.659989448860642,-4.782295996568614,-4.267055077455966,-4.453393104858476,-5.542927258258573,-4.95487401184416,-4.167587263065187,-4.116010972885687,-3.858436192164408,-4.163500122677269,17
-4.680051682334768,-4.1874691395601165,-4.659128685427739,-4.850931476392226,-4.286712912944286,-4.489808606322305,-5.671414585842862,-4.741238428156231,-4.168209808953427,-4.13502540350187,-3.860128352737651,-4.127864107399236,18
-4.621622729506633,-4.197646959694248,-4.658414089370236,-4.907911874736357,-4.303032625425156,-4.520040343386616,-5.778083310629817,-4.563880585094553,-4.168726639502154,-4.150810968541721,-3.861533165289022,-4.0982794909420015,19
-4.579128945631625,-4.205049010700891,-4.657894383146596,-4.949352164441179,-4.314901507229424,-4.54202706125157,-5.8556605650203295,-4.434893062867879,-4.169102516264864,-4.162291379479793,-3.862554847144564,-4.076763406245831,20
-4.549113234248976,-4.212141478509701,-4.6583713642251805,-4.979089999971614,-4.324164319028855,-4.558228009433201,-5.903383109489516,-4.337520977628061,-4.168556361838989,-4.170314789610605,-3.862701617270119,-4.063196176396576,21
-4.525194184869447,-4.221707577791569,-4.66052394828919,-5.00359869707369,-4.333390131056136,-4.5725148412139545,-5.926423460211726,-4.246793684080509,-4.166416036688923,-4.17652021606476,-3.8616077976016245,-4.0557846768569235,22
-4.506969118688619,-4.233528909376467,-4.664216535119351,-5.022946720509237,-4.342552699983505,-4.584944907443607,-5.926412383136701,-4.162480120264305,-4.1628097091686085,-4.181017666070941,-3.8593667599202663,-4.0540358691323855,23
-4.4940353569020735,-4.247387074094372,-4.6693135244963955,-5.037202535040093,-4.351625782483203,-4.595575558971936,-5.904980644214183,-4.08434922421853,-4.157865547631989,-4.183917146857836,-3.856071876007233,-4.05745671472848,24
-4.48599022070539,-4.263063672775257,-4.675679316201049,-5.046434605428089,-4.360583135227464,-4.6044641466487155,-5.863759009393913,-4.012169933982268,-4.151711720433007,-4.18532866565413,-3.8518165176437096,-4.0655541751507185,25
-4.482431031294151,-4.280340306249094,-4.68317831001404,-5.050711396435055,-4.369398514888525,-4.611668021323722,-5.804378244625632,-3.9457111875945983,-4.144476395925603,-4.185362229688508,-3.846694056610883,-4.077835211904619,26
-4.482955109863937,-4.298998575345862,-4.6916749057160985,-5.050101372822828,-4.378045678138629,-4.617244533846737,-5.728469115859082,-3.8847419230946056,-4.136287742463722,-4.184127846189656,-3.8407978646899412,-4.093806786495696,27
-4.487159777610328,-4.31882008089553,-4.7010335030879515,-5.044672999353242,-4.386498381650009,-4.62125103506753,-5.637662389044005,-3.8290310785213704,-4.127273928401306,-4.181735522386259,-3.8342213136620695,-4.112975860429465,28
-4.494642355728907,-4.339586423728073,-4.7111185019103266,-5.0344947407881255,-4.394730382094904,-4.623744875835881,-5.53358883013014,-3.778347591913974,-4.117563122092296,-4.1782952655070025,-3.8270577753084543,-4.134849395211439,29
-4.505000165415252,-4.361079204673466,-4.721794301963955,-5.019635061889316,-4.402715436145553,-4.624783407001566,-5.417879205067231,-3.732460401311501,-4.1072834918906365,-4.173917082780573,-3.8194006214102836,-4.158934352347133,30
-4.5178305278649455,-4.383080024561684,-4.732925303029563,-5.000162427418644,-4.410427300474192,-4.624423979414361,-5.292164279805019,-3.69113844475303,-4.096563206150269,-4.168710981435654,-3.811343223748743,-4.184737693342066,31
-4.532730764273567,-4.405370484222698,-4.744375904887878,-4.976145302137943,-4.41783973175306,-4.622723943924043,-5.158074820293243,-3.6541506602776455,-4.085530433225136,-4.1627869687009325,-3.8029789541050194,-4.211766379701748,32
-4.549298195836701,-4.427732184486485,-4.756010507319633,-4.9476521508090485,-4.424926486654396,-4.619740651380388,-5.017241592481651,-3.62126598592443,-4.074313341469182,-4.156255051805096,-3.794401184260301,-4.239527372931699,33
-4.5671301437499245,-4.449946726183018,-4.767693510105551,-4.9147514381937905,-4.431661321850434,-4.6155314526331725,-4.871295362319977,-3.5922533597324624,-4.063040099236347,-4.149225237976827,-3.785703285995772,-4.26752763453743,34
-4.585823929208819,-4.471795710142271,-4.779289313026363,-4.877511629054004,-4.438017994013416,-4.610153698532171,-4.721866895757966,-3.5668817197408274,-4.051838874880575,-4.141807534444811,-3.7769786310926206,-4.295274126024458,35
-4.604976873408968,-4.4930607371942175,-4.790662315862797,-4.836001188151521,-4.443970259815576,-4.603664739927163,-4.570586958745358,-3.5449200039886057,-4.0408378367558075,-4.134111948437736,-3.768320591332033,-4.322273808898296,36
-4.62418629754595,-4.513523408168832,-4.801676918395581,-4.790288580248176,-4.449491875929157,-4.596121927667925,-4.419086317231896,-3.5261371505148804,-4.030165153215989,-4.126248487184285,-3.7598225384951958,-4.348033644664462,37
-4.643049522815345,-4.5329653238960885,-4.8121975204054435,-4.740442270105801,-4.454556599026391,-4.587582612604229,-4.26899573716732,-3.5103020973587324,-4.01994899261506,-4.1183271579131455,-3.7515778443632963,-4.372060594828469,38
-4.661163870412737,-4.551168085205962,-4.822088521673113,-4.686530722486229,-4.459138185779519,-4.578104145585856,-4.121945984501373,-3.4971837825592447,-4.010317523306963,-4.1104579678530015,-3.7436798807175204,-4.3938616208958345,39
-4.678126661533704,-4.5679132929284245,-4.831214321979318,-4.6286224021512945,-4.463210392860779,-4.567743877462581,-3.979567825183796,-3.486551144155498,-4.001398913645643,-4.102750924232539,-3.736222019339055,-4.41294368437207,40
-4.693535217373828,-4.58298254789345,-4.839439321104788,-4.566785773862829,-4.466746976942406,-4.5565591590841805,-3.84349202516433,-3.4781731201865758,-3.9933213319850402,-4.095316034280444,-3.7292976320090876,-4.428813746762693,41
-4.706986859128691,-4.596157450931016,-4.846627918830249,-4.501089302382668,-4.469721694696641,-4.54460734130043,-3.715349350392716,-3.4718186486915594,-3.986212946679098,-4.088263305225402,-3.7230000905088034,-4.440978769573219,42
-4.718078907993872,-4.607219602871092,-4.852644514936431,-4.4316014524726395,-4.4721083027957205,-4.531945774961105,-3.5967705668186944,-3.46725666770953,-3.9802019260817576,-4.081702744296098,-3.7174227666193898,-4.44894571430916,43
-4.7264086851649525,-4.615950604543655,-4.857353509204062,-4.358390688894582,-4.473880557911883,-4.518631810915986,-3.4893864403920105,-3.464256115279571,-3.9754164385469646,-4.075744358721218,-3.7126590321220343,-4.4522215424760345,44
-4.7315735118375155,-4.622132056778678,-4.86061930141387,-4.281525476410328,-4.4750122167173645,-4.504722800014845,-3.394827737062403,-3.4625859294407637,-3.97198465242866,-4.070498155729447,-3.7088022587979226,-4.450313215579355,45
-4.733170709207138,-4.625545560406135,-4.8623062913465835,-4.201074279781709,-4.475477035884404,-4.49027609310746,-3.314725222779614,-3.46201504823219,-3.9700347360807853,-4.066074142549471,-3.7059458184282414,-4.442727695124638,46
-4.730797598469404,-4.6259727162559985,-4.862278878782932,-4.117105563770558,-4.47524877208524,-4.475349041043607,-3.250709663493384,-3.462312409692932,-3.969694857857284,-4.0625823264099745,-3.7041830827941773,-4.428971942617397,47
-4.7240515008198924,-4.623195125158246,-4.860401463503641,-4.029687793138708,-4.474301181992109,-4.4599989946730645,-3.2044118251534552,-3.4632469518620717,-3.9710931861120984,-4.060132714539645,-3.7036074236769174,-4.40855291956315,48
-4.712529737454185,-4.6169943879428494,-4.856538445289442,-3.938889432647994,-4.472608022277249,-4.444283304845605,-3.1774624737095687,-3.4645876127786908,-3.9743578891991715,-4.058835314167165,-3.704312212857648,-4.380977587467409,49
-4.695829629567863,-4.607152105439783,-4.850554223921063,-3.844778947060248,-4.470143049612899,-4.42825932241101,-3.1714923751114674,-3.4661033304818725,-3.9796171354724463,-4.058800132521225,-3.7063908221175565,-4.345752907835691,50
-4.669219425779629,-4.59107398426755,-4.840840892385635,-3.713610041688138,-4.466225360739326,-4.406121476261121,-3.178428844681812,-3.46819425933854,-3.9882470951643474,-4.0596667901283965,-3.710222223337944,-4.292030139432277,51
-4.630566648014239,-4.5677196330757655,-4.826731746578698,-3.5230800258556583,-4.4605347031784435,-4.3739650428025225,-3.1885044464664722,-3.4712314479697577,-4.000782584059881,-4.060925657747571,-3.7157875433588,-4.213994877298852,52
-4.583367527426351,-4.539201505741074,-4.809502990643596,-3.290422770341626,-4.453585809774954,-4.3346986441571005,-3.2008078195000027,-3.474940175795818,-4.016089738841866,-4.0624628679559125,-3.7225833863993443,-4.118705587357031,53
-4.531118295170621,-4.50763205614012,-4.790430828723667,-3.032872145924855,-4.44589341337356,-4.291230902446734,-3.2144276028169565,-3.4790457222370117,-4.033034696193115,-4.064164553330577,-3.7301063566787946,-4.01322073552843,54
-4.477315182401711,-4.475123738149546,-4.770791464962254,-2.767662023384168,-4.437972246818964,-4.246470439793309,-3.228452435451886,-3.4832733667136315,-4.050483592796447,-4.065916846448725,-3.7378530584163707,-3.9045987877346664,55
-4.425454420274277,-4.443789005645995,-4.751861103502696,-2.512026273498377,-4.43033704295587,-4.203325878318709,-3.241970956439346,-3.487348388645969,-4.0673025653346775,-4.06760587988752,-3.7453200958312904,-3.799898209897356,56
-4.379032239942979,-4.415740312506115,-4.734915948488335,-2.283198767046304,-4.42350253462898,-4.164705840144816,-3.2540718048138877,-3.4909960674543163,-4.08235775049062,-4.069117786224117,-3.7520040731427726,-3.706177467938116,57
-4.341544872562474,-4.393090112606545,-4.721232204062513,-2.098413374806762,-4.417983454682998,-4.133518947393512,-3.2638436196100664,-3.493941682558965,-4.094515284947093,-4.0703386980356795,-3.757401594570037,-3.6304950277785624,58
-4.316488549287421,-4.377950859823932,-4.712086074368569,-1.9749039675585727,-4.414294535962627,-4.112673822186682,-3.270375039862434,-3.4959105133802066,-4.1026413053869115,-4.0711547478993655,-3.761009264332302,-3.5799093553403116,59
-4.30735950127248,-4.372435008034917,-4.708753763549845,-1.9299044160805499,-4.4129505113125695,-4.105079086646209,-3.272754704605545,-3.496627839338333,-4.105601948492892,-4.071452068392337,-3.762323686648786,-3.56147891654498,60
-4.284170678077844,-4.369064308656799,-4.7117436167724875,-1.9366304900468887,-4.413601738793137,-4.084537748499635,-3.274389681002869,-3.4980722993775495,-4.105992789084212,-4.072168200141538,-3.7630769640948394,-3.5628588427024708,61
-4.221229586549545,-4.3599152674876205,-4.719858932662517,-1.9548869765269508,-4.41536935624039,-4.028782687816075,-3.2788274740813197,-3.5019929766268496,-4.1070536421177914,-4.074111986317938,-3.7651215743055544,-3.566604356558516,62
-4.128474293770998,-4.346432469975147,-4.731818345553086,-1.9817912723923057,-4.417974266162659,-3.9466173352297753,-3.2853673796706153,-3.507770816783714,-4.108617004483068,-4.076976513314739,-3.7681346840897665,-3.572124061188478,63
-4.015842866825623,-4.330060501567145,-4.74634048977735,-2.0144607745145224,-4.421137371068273,-3.8468451213749852,-3.293308693600475,-3.5147867655456206,-4.110515373069476,-4.080454867525142,-3.77179346025631,-3.578826559667718,64
-3.8932733727968314,-4.3122439477113765,-4.76214399966846,-2.0500128797651698,-4.424579573465556,-3.7382694768859475,-3.3019507117006155,-3.522421768610048,-4.1125812447664485,-4.084240135342344,-3.775775069614019,-3.5861204550715957,65
-3.7707038787680385,-4.294427393855608,-4.77794750955957,-2.0855649850158176,-4.428021775862841,-3.6296938323969097,-3.3105927298007565,-3.530056771674476,-4.114647116463422,-4.088025403159546,-3.779756678971728,-3.5934143504754745,66
-3.6580724518226626,-4.278055425447605,-4.792469653783834,-2.118234487138034,-4.431184880768453,-3.529921618542119,-3.3185340437306157,-3.5370727204363828,-4.116545485049828,-4.091503757369948,-3.783415455138271,-3.600116848954714,67
-3.5653171590441164,-4.264572627935132,-4.804429066674403,-2.145138783003389,-4.433789790690723,-3.4477562659558196,-3.3250739493199117,-3.5428505605932465,-4.118108847415105,-4.09436828436675,-3.786428564922483,-3.605636553584676,68
-3.502376067515818,-4.255423586765953,-4.8125443825644325,-2.1633952694834515,-4.435557408137976,-3.3920012052722606,-3.3295117423983625,-3.546771237842547,-4.119169700448685,-4.09631207054315,-3.7884731751331984,-3.609382067440721,69
-3.479187244321182,-4.252052887387835,-4.815534235787075,-2.17012134344979,-4.436208635618543,-3.371459867125686,-3.331146718795686,-3.5482156978817634,-4.119560541040005,-4.097028202292351,-3.789226452579251,-3.610761993598212,70
-3.4780300882058293,-4.25452275921561,-4.812568639843416,-2.1710360559664204,-4.437936905852684,-3.366439209020194,-3.3328911488815214,-3.5501079337566623,-4.120028821545186,-4.098216576621218,-3.7906982985405984,-3.6125883625365813,71
-3.474889235892729,-4.2612266970338535,-4.804519165139201,-2.1735188470829883,-4.442627925059635,-3.3528117084481432,-3.337626030543074,-3.5552440025599585,-4.121299868630679,-4.101442164085287,-3.794693309007111,-3.617545649655012,72
-3.4702606114313177,-4.271106184344951,-4.792656781364568,-2.1771776971495096,-4.449541005996196,-3.332729076026174,-3.344603750886415,-3.5628129460595535,-4.123172990651405,-4.106195661400757,-3.800580692852499,-3.624851125408489,73
-3.464640138871034,-4.283102704651284,-4.778252458209657,-2.1816205865160003,-4.457935461419163,-3.3083430223709267,-3.3530766970176153,-3.5720038060233477,-4.125447495962287,-4.111967765283829,-3.8077296589504708,-3.6337220602519973,74
-3.4585237422613124,-4.296157741455234,-4.762577165364606,-2.186455495532475,-4.4670706040853325,-3.2818052580990384,-3.3622972560427447,-3.582005624219241,-4.127922692918246,-4.1182491724506995,-3.8155094161747334,-3.6433757246405203,75
-3.452407345651591,-4.309212778259184,-4.7469018725195555,-2.19129040454895,-4.476205746751503,-3.255267493827151,-3.3715178150678744,-3.5920074424151345,-4.130397889874206,-4.124530579617572,-3.823289173398996,-3.6530293890290437,76
-3.4467868730913063,-4.321209298565516,-4.732497549364644,-2.19573329391544,-4.4846002021744695,-3.230881440171903,-3.379990761199074,-3.6011983023789282,-4.132672395185088,-4.130302683500642,-3.830438139496967,-3.661900323872552,77
-3.4421582486298954,-4.331088785876614,-4.72063516559001,-2.1993921439819615,-4.49151328311103,-3.210798807749934,-3.386968481542415,-3.608767245878523,-4.134545517205813,-4.135056180816113,-3.8363255233423548,-3.6692057996260288,78
-3.439017396316795,-4.337792723694858,-4.7125856908857955,-2.2018749350985294,-4.496204302317983,-3.1971713071778836,-3.391703363203968,-3.61390331468182,-4.135816564291306,-4.138281768280182,-3.840320533808868,-3.6741630867444597,79
-3.4378602402014424,-4.340262595522632,-4.709620094942137,-2.20278964761516,-4.497932572552123,-3.192150649072391,-3.3934477932898033,-3.6157955505567183,-4.136284844796488,-4.139470142609049,-3.841792379770215,-3.6759894556828288,80
-3.4327373690082723,-4.3383635587134,-4.655393477536948,-2.204291542316091,-4.497749904130919,-3.1912613263525045,-3.3944457565868005,-3.6181563203374596,-4.110008764253051,-4.14162879806996,-3.8442341897361136,-3.675106342124602,81
-3.4188324329125255,-4.3332090302312,-4.508206944580015,-2.20836811364719,-4.497254089844796,-3.188847450398526,-3.397154514107222,-3.6245641240280437,-4.0386879742065815,-4.147488005749576,-3.850861959643552,-3.672709319609415,82
-3.398340948139845,-4.325612882994273,-4.291300474959263,-2.2143756924509144,-4.496523416159983,-3.185290159518979,-3.401146367295212,-3.6340072031510093,-3.9335836520328344,-4.15612262759322,-3.8606291995071453,-3.6691768653765076,83
-3.373458430915877,-4.3163889899208625,-4.027914047562642,-2.221670609569723,-4.495636169542711,-3.1809705920223865,-3.405993617594914,-3.645473799228897,-3.8059569751075735,-4.166607525546216,-3.8724894193415094,-3.6648874566651206,84
-3.3463803974662643,-4.306351223929209,-3.741287641278082,-2.2296091958460735,-4.494670636459207,-3.1762698862172707,-3.411268566450472,-3.6579521537842448,-3.667069120806553,-4.178017561553888,-3.8853961291612578,-3.660219570714493,85
-3.319302364016651,-4.296313457937556,-3.4546612349935173,-2.2375477821224243,-4.493705103375705,-3.1715691804121553,-3.4165435153060297,-3.6704305083395923,-3.52818126650553,-4.189427597561561,-3.8983028389810066,-3.6555516847638656,86
-3.2944198467926826,-4.287089564864145,-3.1912748075969,-2.2448426992412323,-4.492817856758431,-3.1672496129155623,-3.421390765605731,-3.6818971044174793,-3.4005545895802705,-4.199912495514558,-3.9101630588153697,-3.651262276052478,87
-3.273928362020003,-4.279493417627219,-2.9743683379761485,-2.250850278044957,-4.492087183073618,-3.1636923220360154,-3.4253826187937215,-3.6913401835404454,-3.2954502674065242,-4.208547117358202,-3.919930298678964,-3.647729821819571,88
-3.2600234259242558,-4.274338889145018,-2.8271818050192135,-2.254926849376056,-4.491591368787495,-3.1612784460820373,-3.4280913763141427,-3.697747987231029,-3.224129477360054,-4.214406325037817,-3.9265580685864028,-3.6453327993043843,89
-3.254900554731086,-4.272439852335786,-2.7729551876140266,-2.2564287440769872,-4.491408700366292,-3.1603891233621506,-3.4290893396111404,-3.7001087570117708,-3.197853396816618,-4.216564980498728,-3.928999878552301,-3.6444496857461575,90
-3.247255253627489,-4.275915949483306,-2.7739599124435412,-2.2612982836028706,-4.455592582254329,-3.1612082671970154,-3.43432129088439,-3.7079426958203037,-3.206910929819,-4.19921215433953,-3.936021809641641,-3.652524644427232,91
-3.2265037220605817,-4.285351070312289,-2.7766870226950804,-2.274515605173126,-4.358377404521859,-3.1634316576059334,-3.4485223014832105,-3.7292062440148936,-3.2314956622540385,-4.152111626193133,-3.955081336884137,-3.6744423894187204,92
-3.195922517646192,-4.299255458902367,-2.780705922013138,-2.293993763276659,-4.215112932074008,-3.1667082329453913,-3.469450106576208,-3.760541999249025,-3.2677257942635674,-4.082700321556336,-3.983169061241498,-3.706742224143018,93
-3.158788198000148,-4.316139359333179,-2.785586014042209,-2.3176458124023793,-4.041148929815905,-3.170686931571877,-3.4948624413319918,-3.798592559176186,-3.3117195259894245,-3.998415165925943,-4.0172755836754375,-3.745963452022523,94
-3.1183773207382766,-4.3345130156843545,-2.7908967024267852,-2.3433848070391914,-3.851835162652675,-3.175016691841875,-3.5225170409191677,-3.84000052144986,-3.3595950575734452,-3.9066930847987487,-4.054391505147665,-3.788645376479631,95
-3.0779664434764054,-4.352886672035531,-2.7962073908113623,-2.369123801676004,-3.6625213954894447,-3.179346452111874,-3.5501716405063437,-3.881408483723535,-3.4074705891574664,-3.814971003671555,-4.091507426619892,-3.831327300936739,96
-3.040832123830361,-4.369770572466342,-2.8010874828404324,-2.3927758508017236,-3.4885573932313383,-3.183325150738359,-3.5755839752621275,-3.9194590436506953,-3.4514643208833236,-3.7306858480411593,-4.1256139490538315,-3.8705485288162444,97
-3.010250919415972,-4.383674961056421,-2.8051063821584905,-2.4122540089052573,-3.3452929207834887,-3.186601726077817,-3.5965117803551254,-3.950794798884827,-3.4876944528928524,-3.6612745434043643,-4.1537016734111925,-3.9028483635405418,98
-2.9894993878490648,-4.3931100818854025,-2.8078334924100297,-2.4254713304755122,-3.2480777430510193,-3.188825116486735,-3.610712790953946,-3.9720583470794164,-3.5122791853278903,-3.6141740152579676,-4.172761200653688,-3.9247661085320296,99
-2.9818540867454675,-4.396586179032923,-2.8088382172395443,-2.4303408700013955,-3.212261624939057,-3.1896442603215998,-3.615944742227195,-3.9798922858879493,-3.5213367183302724,-3.596821189098769,-4.1797831317430285,-3.9328410672131042,100
-2.9774972551411194,-4.373128010047982,-2.8096736982603914,-2.433031647261821,-3.2060464985359145,-3.1919027825800605,-3.6201575430081365,-3.9832087102095954,-3.525105176587458,-3.5943457652112922,-4.185566675511176,-3.9371271062058892,101
-2.9656715693578892,-4.309455837088856,-2.811941432459834,-2.4403351855401203,-3.1891768697273846,-3.1980330572815965,-3.6315922879849785,-3.99221043336835,-3.5353338489998185,-3.5876267575167127,-4.201264865739005,-3.9487606406148767,102
-2.9482442429404974,-4.215623161149092,-2.8152833565432225,-2.451098294581823,-3.1643163641148138,-3.2070671463154388,-3.648443491108744,-4.005476130654935,-3.5504076820285597,-3.5777250619668055,-4.224399040811594,-3.965904796586016,103
-2.927082489433665,-4.101683483222238,-2.8193414072159095,-2.4641677841324627,-3.1341286072995502,-3.2180371115708195,-3.6689056663304607,-4.021584477360075,-3.568711622134889,-3.5657015745133482,-4.252490539114024,-3.986722700265257,104
-2.904053522382112,-3.977690304301836,-2.8237575211832446,-2.4783904639375702,-3.101277224882939,-3.2299750149369686,-3.6911733276011516,-4.039114148774491,-3.5886306157800116,-3.552617191108114,-4.283060699031374,-4.009377477798548,105
-2.881024555330558,-3.853697125381433,-2.82817363515058,-2.492613143742678,-3.0684258424663273,-3.2419129183031177,-3.7134409888718434,-4.056643820188907,-3.608549609425135,-3.5395328077028796,-4.313630858948725,-4.03203225533184,106
-2.8598628018237253,-3.7397574474545783,-2.832231685823267,-2.5056826332933175,-3.0382380856510633,-3.252882883558498,-3.73390316409356,-4.072752166894047,-3.6268535495314635,-3.527509320249422,-4.341722357251156,-4.052850159011081,107
-2.842435475406334,-3.645924771514815,-2.8355736099066555,-2.5164457423350206,-3.013377580038493,-3.2619169725923407,-3.7507543672173256,-4.086017864180632,-3.641927382560205,-3.5176076246995147,-4.364856532323745,-4.06999431498222,108
-2.830609789623104,-3.5822525985556903,-2.837841344106098,-2.5237492806133193,-2.9965079512299635,-3.2680472472938766,-3.762189112194167,-4.095019587339387,-3.6521560549725653,-3.5108886170049356,-4.380554722551573,-4.081627849391208,109
-2.826252958018756,-3.55879442957075,-2.838676825126945,-2.526440057873745,-2.990292824826821,-3.270305769552337,-3.7664019129751085,-4.098336011661033,-3.655924513229751,-3.508413193117459,-4.38633826631972,-4.085913888383993,110
-2.826212750391971,-3.548973660415317,-2.844643028887255,-2.5326434879130875,-2.997002223840387,-3.2730463695947765,-3.772624776778749,-4.103676238121619,-3.6620132638629515,-3.5153320896064546,-4.391149089839004,-4.092743362129538,111
-2.8261036154049837,-3.522317286993429,-2.860837010522382,-2.5494813694484457,-3.0152134497343517,-3.280485141138542,-3.7895154071029165,-4.118171138514642,-3.6785398727244956,-3.5341119515051576,-4.404207039391346,-4.111280505153161,112
-2.8259427848978436,-3.4830342103716987,-2.8847018255636216,-2.5742950896058154,-3.042051045788615,-3.2914475413083,-3.814406862317478,-4.139532044356989,-3.702894875257296,-3.5617875374611403,-4.423450333468479,-4.138598400135342,113
-2.825747490710603,-3.4353333316167416,-2.9136805295422703,-2.6044260355111932,-3.074639555283078,-3.304759027228722,-3.844632200792303,-4.165470287165555,-3.7324688069042695,-3.595393606121977,-4.446817190562142,-4.1717701297565615,114
-2.8255349646833112,-3.38342355179517,-2.9452161779896224,-2.6372155942905744,-3.1101035214976407,-3.3192450560244744,-3.8775244808972595,-4.1936971984572295,-3.7646522031083283,-3.6319649161352396,-4.47224582916407,-4.2078687766973,115
-2.8253224386560194,-3.331513771973597,-2.9767518264369754,-2.6700051530699564,-3.1455674877122037,-3.3337310848202275,-3.910416761002217,-4.221924109748904,-3.796835599312388,-3.6685362261485035,-4.497674467765997,-4.24396742363804,116
-2.8251271444687784,-3.28381289321864,-3.005730530415623,-2.700136098975334,-3.178155997206667,-3.347042570740649,-3.9406420994770417,-4.247862352557469,-3.826409530959361,-3.70214229480934,-4.521041324859661,-4.2771391532592595,117
-2.8249663139616383,-3.24452981659691,-3.029595345456863,-2.7249498191327035,-3.20499359326093,-3.3580049709104074,-3.9655335546916035,-4.269223258399816,-3.850764533492162,-3.729817880765322,-4.540284618936795,-4.30445704824144,118
-2.824857178974651,-3.2178734431750224,-3.04578932709199,-2.7417877006680613,-3.2232048191548945,-3.3654437424541723,-3.98242418501577,-4.283718158792839,-3.867291142353706,-3.7485977426640247,-4.5533425684891355,-4.322994191265063,119
-2.824816971347866,-3.20805267401959,-3.0517555308523,-2.747991130707404,-3.2299142181684606,-3.3681843424966122,-3.9886470488194106,-4.289058385253425,-3.873379892986906,-3.7555166391530204,-4.558153392008419,-4.329823665010608,120
-2.8276684394263363,-3.206562441736134,-3.058801441455742,-2.752634270883717,-3.2375799357932467,-3.3738211666329523,-3.9961014912905544,-4.297125117471889,-3.880059306837462,-3.763459228240445,-4.565391447148943,-4.33421848152603,121
-2.83540813849647,-3.2025175255381826,-3.0779260559507993,-2.7652370799337094,-3.2583868836319514,-3.38912111786016,-4.0163349779979445,-4.319020533493434,-3.898189144431827,-3.785017684334883,-4.585037596816077,-4.3461472692107455,122
-2.8468140108103506,-3.196556596404359,-3.106109698364567,-2.7838096406389603,-3.2890497541310943,-3.411668414405519,-4.046152747882518,-4.3512874623672895,-3.9249067998340483,-3.8167880406845804,-4.61398981737817,-4.363726535272432,123
-2.8606639986200637,-3.1893183253132884,-3.140332692724143,-2.806362035781052,-3.3262832397371973,-3.4390472744963128,-4.0823600398852165,-4.3904687331426855,-3.957349667108175,-3.855366330537785,-4.649146085203569,-4.385072786918767,124
-2.8757360441776916,-3.1814413832435937,-3.177575363056622,-2.830904348141563,-3.3668020328967794,-3.4688419163598225,-4.121762092946975,-4.433107174868851,-3.992655140318254,-3.8973485871427425,-4.687404376660619,-4.408302531357424,125
-2.8908080897353203,-3.1735644411738986,-3.2148180333891014,-2.8554466605020745,-3.4073208260563628,-3.498636558223333,-4.161164146008735,-4.475745616595018,-4.027960613528333,-3.9393308437477006,-4.72566266811767,-4.431532275796082,126
-2.9046580775450335,-3.1663261700828276,-3.249041027748677,-2.8779990556441657,-3.4445543116624653,-3.526015418314126,-4.197371438011432,-4.514926887370413,-4.06040348080246,-3.9779091336009054,-4.760818935943068,-4.452878527442415,127
-2.916063949858914,-3.1603652409490044,-3.277224670162445,-2.896571616349417,-3.4752171821616087,-3.5485627148594854,-4.227189207896006,-4.547193816244268,-4.087121136204681,-4.009679489950602,-4.789771156505161,-4.470457793504103,128
-2.9238036489290473,-3.1563203247510527,-3.2963492846575018,-2.909174425399409,-3.496024130000313,-3.563862666086693,-4.247422694603396,-4.569089232265812,-4.105250973799047,-4.0312379460450405,-4.809417306172295,-4.482386581188818,129
-2.9266551170075177,-3.154830092467597,-3.303395195260944,-2.913817565575722,-3.5036898476250986,-3.569499490223033,-4.25487713707454,-4.577155964484276,-4.111930387649601,-4.0391805351324646,-4.816655361312819,-4.48678139770424,130
-2.928630908276635,-3.148588515578669,-3.308420415717749,-2.917525588618273,-3.5095815218953628,-3.571837873428636,-4.258507464599596,-4.578024192111821,-4.116863367155871,-4.04469909953418,-4.819423483805086,-4.491478675314164,131
-2.93399377029281,-3.131647092594436,-3.322060299814792,-2.927590222590912,-3.525573209200365,-3.5781849135581307,-4.268361210739034,-4.5803808099580134,-4.1302528829586045,-4.059678060053121,-4.826936959141242,-4.504228428826814,132
-2.941896935369278,-3.106680785038724,-3.342161181642013,-2.9424223147611155,-3.5491399062814204,-3.5875384463805435,-4.282882520839258,-4.583853720468191,-4.149984800983684,-4.081752317659979,-4.838009449110313,-4.523017539266509,133
-2.9514936358192756,-3.0763645544353606,-3.366569395289353,-2.9604327123963636,-3.5777566098798457,-3.5988963076649023,-4.300515540246674,-4.588070826087695,-4.173944987156996,-4.108556773325452,-4.8514546155013285,-4.545832887657569,134
-2.961937103956037,-3.04337336230817,-3.393131274846752,-2.9800322627641327,-3.608898316736955,-3.6112563331802336,-4.319704414307684,-4.592660029261859,-4.200019307404423,-4.13772632802023,-4.866086120103315,-4.570661355024308,135
-2.9723805720927987,-3.010382170180979,-3.4196931544041513,-2.9996318131319026,-3.640040023594065,-3.6236163586955654,-4.338893288368695,-4.597249232436025,-4.226093627651851,-4.166895882715009,-4.8807176247053015,-4.595489822391048,136
-2.981977272542796,-2.9800659395776155,-3.444101368051491,-3.0176422107671503,-3.6686567271924897,-3.634974219979924,-4.35652630777611,-4.601466338055527,-4.250053813825162,-4.193700338380482,-4.894162791096316,-4.618305170782107,137
-2.9898804376192643,-2.955099632021904,-3.4642022498787117,-3.0324743029373544,-3.6922234242735454,-3.644327752802337,-4.371047617876334,-4.604939248565706,-4.269785731850242,-4.215774595987341,-4.905235281065388,-4.637094281221802,138
-2.995243299635439,-2.9381582090376708,-3.4778421339757544,-3.0425389369099927,-3.7082151115785478,-3.6506747929318317,-4.380901364015772,-4.607295866411898,-4.2831752476529745,-4.230753556506281,-4.912748756401543,-4.6498440347344525,139
-2.997219090904556,-2.931916632148743,-3.4828673544325595,-3.0462469599525437,-3.7141067858488115,-3.653013176137435,-4.384531691540828,-4.608164094039443,-4.2881082271592446,-4.236272120907996,-4.91551687889381,-4.654541312344376,140
-2.998179710013255,-2.932796392497516,-3.4897645497146823,-3.0532000384046865,-3.7217791310653743,-3.6558665838749964,-4.388599102766463,-4.614349984472441,-4.295249836125002,-4.241876164103785,-4.9204049324548,-4.660717806425937,141
-3.0007871047368657,-2.9351843134441857,-3.508485508337587,-3.0720726799176457,-3.7426040680817594,-3.6636115477340927,-4.3996392189503295,-4.631140258504863,-4.314634203317773,-4.257087138492357,-4.933672506406058,-4.677482576075889,142
-3.00462958117166,-2.9387033548392774,-3.5360742894660775,-3.0998849937262163,-3.7732934489480097,-3.6750251786843386,-4.415908863852868,-4.655883820236852,-4.343200639180803,-4.279503311275515,-4.953224720650016,-4.702188552402132,143
-3.009295445413911,-2.942976476533318,-3.5695749522649596,-3.1336570890651956,-3.810559125714172,-3.6888845876953527,-4.435664861234525,-4.685929573768554,-4.37788845415734,-4.3067229496550645,-4.976966695089109,-4.732188666512571,144
-3.0143730035598897,-2.947626638376832,-3.606031555899037,-3.1704090751693785,-3.851112950430289,-3.703966885736749,-4.457164034855737,-4.718626423200112,-4.415636958690629,-4.336344320832808,-5.002803549625769,-4.764835849515107,145
-3.0194505617058685,-2.9522768002203468,-3.6424881595331144,-3.2071610612735624,-3.8916667751464065,-3.719049183778147,-4.47866320847695,-4.75132327263167,-4.45338546322392,-4.365965692010553,-5.028640404162429,-4.797483032517643,146
-3.0241164259481192,-2.956549921914387,-3.675988822331996,-3.2409331566125412,-3.9289324519125683,-3.73290859278916,-4.498419205858606,-4.781369026163372,-4.488073278200456,-4.393185330390102,-5.052382378601521,-4.827483146628082,147
-3.0279589023829137,-2.9600689633094786,-3.7035776034604866,-3.2687454704211123,-3.959621832778819,-3.7443222237394065,-4.514688850761145,-4.8061125878953614,-4.516639714063486,-4.41560150317326,-5.071934592845479,-4.852189122954326,148
-3.0305662971065246,-2.9624568842561483,-3.722298562083391,-3.2876181119340715,-3.9804467697952037,-3.752067187598502,-4.525728966945011,-4.822902861927783,-4.536024081256256,-4.430812477561831,-5.085202166796737,-4.868953892604277,149
-3.031526916215223,-2.9633366446049214,-3.7291957573655137,-3.294571190386214,-3.988119115011766,-3.754920595336064,-4.529796378170646,-4.82908875236078,-4.543165690222014,-4.4364165207576205,-5.090090220357727,-4.8751303866858375,150
-3.0332277442768554,-2.9634041419519286,-3.733420653363471,-3.2992292309747895,-3.993006598902078,-3.757974608677243,-4.533892393310982,-4.832808541371168,-4.547556224611198,-4.445097235931609,-5.094674742122497,-4.881410210076453,151
-3.0378442775870007,-2.963587349036663,-3.7448882282150695,-3.3118724840009235,-4.006272626604353,-3.7662640734604445,-4.545010148691895,-4.84290511154222,-4.559473389381841,-4.468659177118148,-5.107118444055445,-4.898455444993837,152
-3.0446475898335295,-2.9638573384246927,-3.761787812206898,-3.3305046463552253,-4.0258225621656,-3.778480126825161,-4.561394209253238,-4.85778426758377,-4.577035526938578,-4.5033820378141005,-5.125456531114525,-4.923574738556296,153
-3.0529087547043154,-2.964185182681586,-3.7823087356255485,-3.353129414928307,-4.04956176963283,-3.7933139059108893,-4.581289139934871,-4.875851814205653,-4.598360979686045,-4.54554551151633,-5.147724208257695,-4.95407673788214,154
-3.061898845887229,-2.9645419543729106,-3.8046403287576083,-3.3777504866107777,-4.0753956130530495,-3.8094565478571223,-4.6029395056766464,-4.8955135561177014,-4.621568090028876,-4.5914292917216954,-5.171956680442909,-4.987270090089676,155
-3.0708889370701424,-2.9648987260642357,-3.8269719218896685,-3.402371558293249,-4.10122945647327,-3.825599189803356,-4.624589871418424,-4.915175298029751,-4.644775200371708,-4.637313071927063,-5.196189152628123,-5.0204634422972125,156
-3.079150101940928,-2.965226570321129,-3.8474928453083184,-3.42499632686633,-4.124968663940499,-3.8404329688890844,-4.644484802100056,-4.933242844651633,-4.666100653119174,-4.679476545629291,-5.218456829771292,-5.050965441623056,157
-3.085953414187457,-2.965496559709158,-3.864392429300147,-3.4436284892206324,-4.144518599501747,-3.852649022253801,-4.6608688626614,-4.948122000693183,-4.6836627906759105,-4.7141994063252435,-5.236794916830372,-5.076084735185516,158
-3.090569947497602,-2.9656797667938926,-3.8758600041517455,-3.4562717422467664,-4.1577846272040215,-3.8609384870370023,-4.671986618042312,-4.958218570864235,-4.695579955446553,-4.737761347511783,-5.249238618763321,-5.093129970102899,159
-3.0922707755592342,-2.9657472641408997,-3.880084900149703,-3.4609297828353416,-4.162672111094333,-3.863992500378181,-4.676082633182648,-4.9619383598746225,-4.699970489835738,-4.746442062685771,-5.25382314052809,-5.099409793493514,160
-3.0958312414620726,-2.9608371899068353,-3.8854826871272823,-3.4653893561390166,-4.165548922423076,-3.868588789333929,-4.677685476627275,-4.962300540265263,-4.704204909389949,-4.7480994893495385,-5.25179841152629,-5.1071271482573835,161
-3.105603584046458,-2.9473606031792974,-3.900297889682767,-3.4776294615895296,-4.173444851389198,-3.8812041356167253,-4.682084770336998,-4.9632946098480835,-4.715827039655762,-4.7526485965756216,-5.246241176606458,-5.128308824098641,162
-3.120224220626197,-2.927197957920268,-3.922463270250274,-3.4959421774961097,-4.185258140462543,-3.9000782583499007,-4.688666659375575,-4.964781861239436,-4.7332151880379465,-4.759454625216195,-5.237926863896941,-5.159999238341761,163
-3.1383295685150974,-2.9022297080917308,-3.9499115912639233,-3.5186195821679895,-4.199887032112956,-3.923450876656787,-4.696817288806768,-4.966623587055671,-4.754747661941274,-4.767882816123435,-5.227630901526091,-5.199242808311221,164
-3.1585560450269656,-2.8743363076556636,-3.9805756151578335,-3.5439537539143995,-4.21622976881028,-3.9495617096607147,-4.7059228036943335,-4.968681079913138,-4.7788027687705155,-4.7772984101495135,-5.216128717622253,-5.243083951331499,165
-3.179540067475607,-2.845398210574052,-4.0123881043661225,-3.5702367710445704,-4.233184593024356,-3.976650476485014,-4.715369349102033,-4.970815632428187,-4.803758815930441,-4.787066648146608,-5.204195740313778,-5.2885670847270685,166
-3.19991805317483,-2.8172958708088762,-4.043281821322907,-3.5957607118677317,-4.24964974722503,-4.002956896253016,-4.724543070093627,-4.972888537217171,-4.827994110825818,-4.79655277096689,-5.192607397729014,-5.332736625822403,167
-3.2183264194384393,-2.7919097423221197,-4.071189528462307,-3.6188176546931157,-4.264523473882144,-4.026720688088051,-4.732830111732871,-4.9747610868964385,-4.8498869608614195,-4.805122019462535,-5.182139117996313,-5.37263699194198,168
-3.233401583580243,-2.771120279075763,-4.0940439882184405,-3.637699677829952,-4.276704015465542,-4.046181571113449,-4.739616619083528,-4.976294574082341,-4.867815673442014,-4.8121396344857175,-5.173566329244021,-5.405312600410276,169
-3.243779962914048,-2.7568079350317896,-4.1097779630254285,-3.6506988595874734,-4.285089614445067,-4.059579264452544,-4.7442887372093585,-4.977350291391229,-4.880158555972374,-4.816970856888612,-5.167664459600487,-5.427807868551767,170
